[0m [38;5;1m                                                  [0m
 [38;5;1m                                                  [0m
 [38;5;1m                       [38;5;8m▁                          [0m
 [38;5;1m                       [7m[38;5;131m▁[38;5;241m▝[0m[38;5;238m╴                        [0m
 [38;5;1m                        [38;5;244m▁[38;5;7m▁                        [0m
 [38;5;1m                      [38;5;59m▁[38;5;144m▂[38;5;95;48;5;174m▏[38;5;222;48;5;131m▃[38;5;186;48;5;241m▅[38;5;222;48;5;238m▅[38;5;223;48;5;239m▆[38;5;222;48;5;101m▆[38;5;187m▇[0m[38;5;244m▘                  [0m
 [38;5;1m                    [38;5;187m▅[48;5;238m▆[38;5;180;48;5;144m▇[48;5;187m▎[38;5;179;48;5;222m▆[38;5;180;48;5;187m▎[38;5;179;48;5;180m▅[38;5;180;48;5;187m▎[38;5;187;48;5;179m▏[38;5;180;48;5;223m▌[0m[38;5;187m▌    [7m[38;5;95m▂[0m[38;5;239m▄             [0m
 [38;5;1m                   [7m[38;5;253m▊[0m[38;5;138;48;5;187m│[38;5;144;48;5;181m┒[38;5;137;48;5;180m╷▏[38;5;138;48;5;173m▖[38;5;95;48;5;144m▁[48;5;137m▁[48;5;144m▁[38;5;144;48;5;137m▎[38;5;137;48;5;180m┓[0m[38;5;181m▍     [38;5;95m▄[38;5;137m▂▂[38;5;144m▃[38;5;137m▃▄[38;5;138m▖[38;5;59m╴      [0m
 [38;5;1m                    [7m[38;5;181m▖[38;5;144m▗[38;5;101m▖[0m[38;5;250;48;5;138m┎[38;5;188;48;5;137m─[38;5;187;48;5;131m▂[38;5;224;48;5;95m▂[0m[38;5;180m▅[38;5;222m▃[38;5;223;48;5;95m▄[0m[7m[38;5;180m▝[0m[38;5;216;48;5;239m▅[0m[38;5;179m▇[38;5;187m▇▇[48;5;137m▅[38;5;138;48;5;179m▏[38;5;180;48;5;181m▘[38;5;179;48;5;180m▊[38;5;180;48;5;187m▗[48;5;179m▗[0m[7m[38;5;187m▗[0m[38;5;1m        [0m
 [38;5;1m                 [38;5;243m▂[38;5;101m▄[38;5;187m▄[38;5;180m▆[38;5;223;48;5;101m▅[38;5;224;48;5;239m▇[38;5;222;48;5;181m▇[38;5;180;48;5;222m┍[38;5;224;48;5;223m▇[38;5;216m╶[48;5;222m [38;5;180;48;5;223m┚[38;5;230;48;5;224m┈[38;5;223;48;5;222m▘ [38;5;216;48;5;223m▘[48;5;230m [38;5;224;48;5;173m▘[38;5;144;48;5;95m▉[38;5;137;48;5;138m▉[38;5;144;48;5;137m▋[38;5;137;48;5;144m▋[38;5;144;48;5;137m▌[38;5;137;48;5;180m▌[0m[38;5;138m▎        [0m
 [38;5;1m                [7m[38;5;250m▘[0m[38;5;223;48;5;249m▇[38;5;187;48;5;223m╱[38;5;222;48;5;224m▗[48;5;187m▉[38;5;230;48;5;224m┊[38;5;224;48;5;222m▍ [38;5;187;48;5;224m▘[38;5;224;48;5;186m▊[48;5;222m [38;5;222;48;5;187m▊[38;5;230;48;5;224m┊[38;5;224;48;5;222m▌ [38;5;180;48;5;223m╱[48;5;230m [38;5;144;48;5;181m╶[0m[7m[38;5;137m▂▄[0m[38;5;8;48;5;101m▗[0m[7m[38;5;137m▄▃▂▁[0m[38;5;101m▎        [0m
 [38;5;1m               [7m[38;5;144m▋[0m[38;5;224;48;5;186m▊[48;5;222m [38;5;230;48;5;224m╴[48;5;222m▏[38;5;216;48;5;223m▋[48;5;224m [38;5;180;48;5;216m▎[38;5;216;48;5;180m▖[38;5;223;48;5;224m▃[48;5;180m▍[38;5;215;48;5;216m▂[38;5;180;48;5;224m▌ [38;5;181;48;5;216m▏[38;5;215;48;5;222m▅[38;5;186;48;5;223m▏[38;5;244;48;5;224m▗[0m[7m[38;5;239m▝[0m[38;5;173m▄[38;5;187;48;5;131m▃[38;5;180;48;5;95m▄[38;5;179;48;5;8m▆[0m[38;5;187m▅[38;5;179m▆[38;5;180m▇▇[38;5;179m▇[38;5;180m▇[38;5;181;48;5;238m▅[0m[38;5;241m▘    [0m
 [38;5;1m               [7m[38;5;187m▍[0m[38;5;180;48;5;223m╶[48;5;253m▉[38;5;187;48;5;223m▃[48;5;179m▏[38;5;137;48;5;180m╻[38;5;181;48;5;187m▄[38;5;137;48;5;179m▃[48;5;180m▄[38;5;180;48;5;187m▄[38;5;181;48;5;173m▎[38;5;173;48;5;179m▄[38;5;137;48;5;181m▎[38;5;181;48;5;137m▊[38;5;173;48;5;179m▃[38;5;179;48;5;181m▋[38;5;181;48;5;187m▃[38;5;180;48;5;239m▍[38;5;240;48;5;236m▘[38;5;238;48;5;179m▎[38;5;137;48;5;187m▗[38;5;179;48;5;173m▉[38;5;180;48;5;181m▎[38;5;181;48;5;179m▘[38;5;179;48;5;181m▌[48;5;187m▗[48;5;179m [48;5;180m [0m[7m[38;5;187m▗[0m[38;5;1m      [0m
 [38;5;1m            [38;5;137m▂[38;5;173m▄[38;5;209m▄[7m[38;5;179m▘[0m[38;5;187;48;5;180m▘[38;5;231;48;5;179m▁[38;5;253;48;5;144m▂[38;5;251;48;5;137m▂▂[48;5;138m▂[38;5;250;48;5;137m▂[38;5;240m▃[38;5;95;48;5;138m▄[48;5;137m▃▃▂[38;5;137;48;5;95m▋[38;5;131;48;5;137m▄[38;5;137;48;5;138m▌[38;5;138;48;5;180m▅[38;5;66;48;5;247m▃[38;5;241;48;5;235m▅[38;5;137;48;5;234m▝[38;5;238;48;5;137m▂[38;5;137;48;5;138m▊[38;5;144;48;5;137m▊ [38;5;138;48;5;144m▏[38;5;137;48;5;173m▅[38;5;173;48;5;180m▋[38;5;180;48;5;101m▉[0m[38;5;180m       [0m
 [38;5;1m           [7m[38;5;95m▊[0m[38;5;66;48;5;173m▗[38;5;232;48;5;59m▗[38;5;16;48;5;240m▆[48;5;95m▆[38;5;233;48;5;173m▄[38;5;130;48;5;215m▁[38;5;180;48;5;231m▖[38;5;252;48;5;242m▍[38;5;144;48;5;130m▖[38;5;94;48;5;95m▁[38;5;95;48;5;251m▌[38;5;239;48;5;236m▂[48;5;237m┓[38;5;236;48;5;240m▇[38;5;95;48;5;8m▏[38;5;65;48;5;239m▖[38;5;237;48;5;95m▄▃[38;5;8m▂[38;5;240m▁[38;5;72;48;5;65m▊[38;5;59m┊[38;5;65;48;5;238m▄[38;5;242;48;5;237m┑[38;5;236;48;5;137m▅[38;5;59m▁[38;5;137;48;5;95m▊[38;5;138m▉[38;5;95;48;5;137m▏[38;5;137;48;5;138m▍[0m[38;5;138m▌       [0m
 [38;5;1m           [7m[38;5;239m▉[0m[38;5;95;48;5;244m▖[38;5;215;48;5;234m▂[38;5;209;48;5;16m▂[48;5;232m▁[38;5;236;48;5;16m▁[38;5;94m▝[38;5;58;48;5;173m▖[38;5;248;48;5;252m▖[38;5;145;48;5;100m▊[48;5;3m [38;5;95;48;5;7m▌[38;5;249;48;5;8m▃[38;5;248;48;5;238m▃[38;5;253;48;5;8m▂[38;5;255;48;5;240m▁[38;5;7;48;5;239m▁[38;5;238;48;5;65m▊[38;5;8;48;5;59m┗[38;5;65;48;5;238m╸▖[38;5;8;48;5;241m▇[48;5;65m▆[38;5;236;48;5;238m▇[38;5;8;48;5;66m▂[48;5;241m▂[38;5;235;48;5;242m▚[38;5;58;48;5;131m▃[38;5;238;48;5;137m▂[38;5;95m▏▍[0m[38;5;138m▍       [0m
 [38;5;1m           [7m[38;5;94m▊[0m[38;5;236;48;5;173m▂[38;5;249;48;5;137m▃[38;5;103;48;5;173m▄[38;5;244m▄[38;5;103m▃[38;5;137;48;5;233m▇[38;5;235;48;5;95m▘[38;5;131;48;5;248m▌[38;5;103;48;5;100m▘[38;5;100;48;5;136m▊[38;5;131;48;5;95m│[38;5;137m┎[38;5;136;48;5;239m┒[38;5;239;48;5;251m▊[38;5;109;48;5;255m▆[48;5;152m─[38;5;240;48;5;255m▄[38;5;101;48;5;152m▖[38;5;252;48;5;240m▆[38;5;251;48;5;65m▅[38;5;246;48;5;237m▄[38;5;109;48;5;238m▂[38;5;66;48;5;237m▁[38;5;3;48;5;236m▗[38;5;239m▏[38;5;236;48;5;240m▅[38;5;58;48;5;235m┚ [0m[7m[38;5;94m▇[38;5;95m▄[0m[38;5;137m▘       [0m
 [38;5;1m            [7m[38;5;237m▌[0m[38;5;143;48;5;101m▝[38;5;100;48;5;246m▄[38;5;3m▂[48;5;103m▂[48;5;246m▂[48;5;103m▄[48;5;101m▆[38;5;58;48;5;3m▂[38;5;95;48;5;58m▄[48;5;95m [48;5;136m▇[48;5;94m▇[38;5;238;48;5;250m▊[38;5;253;48;5;95m▏[38;5;95;48;5;142m▆[38;5;142;48;5;94m│[38;5;238;48;5;65m▋[48;5;107m▅[38;5;235;48;5;8m▉[48;5;59m▃[38;5;8;48;5;66m▃[38;5;239;48;5;103m▅[38;5;66;48;5;3m▎[38;5;102;48;5;238m━[38;5;242;48;5;237m▖[38;5;240;48;5;235m▁[38;5;233;48;5;234m┏[0m[38;5;233m▍         [0m
 [38;5;1m            [7m[38;5;236m▌[0m[38;5;8;48;5;238m▍[38;5;239;48;5;94m▆[38;5;95m╷[38;5;1;48;5;3m▄[38;5;237m▄[38;5;238m▄[38;5;95;48;5;94m╼[38;5;131;48;5;95m━[38;5;238;48;5;131m▂[48;5;95m▂ [38;5;131m▂[38;5;95;48;5;248m▊[38;5;7;48;5;95m▏[38;5;173m▁[38;5;142m│[38;5;244;48;5;239m╾[38;5;246;48;5;8m─[38;5;243m─[38;5;239m┒[38;5;236;48;5;238m┈[38;5;240;48;5;237m╻[38;5;3;48;5;58m╶[38;5;95;48;5;236m▂[38;5;239;48;5;237m▊[38;5;236;48;5;242m▇[38;5;234;48;5;240m▅[0m[38;5;236m▍         [0m
 [38;5;1m         [38;5;52m▂[38;5;1m▄[38;5;238m▇[38;5;8;48;5;236m▏[38;5;236;48;5;237m▄[48;5;8m▁[38;5;95;48;5;238m▝[48;5;1m╴[38;5;52m▝[38;5;239;48;5;236m▝[48;5;238m [38;5;238;48;5;239m┈╲ [48;5;95m▆┏[48;5;131m▄[38;5;236m▂[38;5;88m▁[38;5;131;48;5;137m▃▁ [38;5;137;48;5;131m▄[38;5;131;48;5;95m▇ [38;5;95;48;5;236m▇[38;5;240;48;5;52m▇[38;5;239;48;5;237m▆[48;5;95m▇[38;5;95;48;5;239m╴[38;5;239;48;5;237m╷[0m[38;5;237m▅▃[38;5;235m▁       [0m
 [38;5;1m       [38;5;88m▗[38;5;238m▆[38;5;8;48;5;89m▆[38;5;238;48;5;8m╴[38;5;8;48;5;237m▊ [38;5;235;48;5;236m▁[0m[7m[38;5;236m▁▁[0m[38;5;234;48;5;8m▄[0m[7m[38;5;52m▃▂[38;5;236m▁[0m[38;5;234;48;5;8m▃[38;5;235;48;5;238m▂[38;5;234;48;5;8m▁[38;5;235m▁[38;5;236;48;5;238m▃[48;5;237m▂[38;5;237;48;5;236m▘[48;5;235m [38;5;235;48;5;125m▇[38;5;234;48;5;124m▅[48;5;131m▄[0m[7m[38;5;131m▂▁[0m[38;5;1;48;5;131m  [38;5;131;48;5;95m▁ [38;5;95;48;5;240m▃[38;5;239m▝[48;5;238m▄ [38;5;238;48;5;237m▅[38;5;8m▃[0m[38;5;237m▆▄[38;5;236m▂    [0m
 [38;5;1m         [7m[38;5;235m▇▇[0m[38;5;1m           [7m[38;5;233m▇▇▇▇▇[38;5;232m▇[0m[38;5;1m     [7m[38;5;52m▇[38;5;88m▆[38;5;124m▅[38;5;131m▄[38;5;95m▃▂▁[0m[38;5;88;48;5;239m▃[48;5;238m▂[38;5;1m▁[38;5;8m▁[38;5;239;48;5;8m▂[38;5;8;48;5;237m▇[48;5;234m▇[0m[38;5;237m▅▂ [0m
 [38;5;1m                                         [7m[38;5;1m▇[38;5;52m▆[38;5;235m▅[38;5;236m▅▄[38;5;237m▄▄[38;5;236m▄[0m[38;5;1m [0m
