[0m [38;5;1m                                                  [0m
 [38;5;1m                              [38;5;239m▃[38;5;240m▃                  [0m
 [38;5;1m                          [38;5;234m▁[38;5;237m▁  [7m[38;5;239m▆[38;5;240m━[0m[38;5;144m▏                 [0m
 [38;5;1m                          [38;5;238m▝[38;5;244;48;5;238m▘[0m[7m[38;5;238m▝[0m[38;5;240m▄[38;5;138;48;5;236m▁[38;5;255;48;5;95m▁[38;5;251;48;5;238m▁[0m[38;5;95m▅▅▅[38;5;239m▅             [0m
 [38;5;1m                         [38;5;240m▂[7m[38;5;95m▘[0m[38;5;95;48;5;180m▇[38;5;131;48;5;239m▂[38;5;244m▝[38;5;95;48;5;247m▇[38;5;249;48;5;95m▘[38;5;247m▝[38;5;131;48;5;238m▃[48;5;8m▃▂[38;5;234;48;5;238m▝[0m[38;5;240m─            [0m
 [38;5;1m                     [38;5;95m▄[38;5;131m▆[38;5;168;48;5;238m▆[38;5;174;48;5;95m▆[38;5;138;48;5;239m▇[38;5;239;48;5;174m▄[38;5;252;48;5;131m▇[38;5;239;48;5;252m▅[38;5;248;48;5;131m▇[38;5;132;48;5;95m╵[38;5;95;48;5;251m▆[48;5;95m [38;5;89m▃[48;5;131m▃[38;5;95;48;5;8m▉[38;5;236;48;5;234m▂[0m[38;5;235m▃            [0m
 [38;5;1m                    [7m[38;5;131m▘[0m[38;5;89;48;5;131m▂▄[38;5;144m▂▂[38;5;7;48;5;95m▝[38;5;246;48;5;7m▏[38;5;248;48;5;249m▘[38;5;95;48;5;250m▗[38;5;138;48;5;95m━[38;5;145m┰[38;5;144m┓[38;5;187;48;5;89m▂[38;5;131m▁[48;5;1m [48;5;52m [38;5;52;48;5;233m▇[48;5;235m▆[0m[38;5;59m▂[38;5;236m▂[38;5;240m▁         [0m
 [38;5;1m                   [7m[38;5;89m▌[0m[38;5;1;48;5;89m▂[38;5;52;48;5;1m╻[48;5;138m▃[48;5;144m▃[48;5;138m▆[48;5;1m▅[38;5;235;48;5;138m▆[38;5;237;48;5;247m▅[38;5;235;48;5;244m▆[38;5;234;48;5;52m▆▆[38;5;52;48;5;235m╴[38;5;235;48;5;144m▆[38;5;95;48;5;52m▘[38;5;234m▂[38;5;52;48;5;1m▂[48;5;234m▖[48;5;250m▉[38;5;144;48;5;188m▖[0m[7m[38;5;188m▗[0m[38;5;1m          [0m
 [38;5;1m                [38;5;239m▃  [7m[38;5;52m▌[0m[38;5;235;48;5;237m┌[38;5;95;48;5;234m▂[38;5;240m▃[38;5;95m▄[38;5;167;48;5;236m▂[38;5;131;48;5;235m▅[48;5;236m▄[38;5;236;48;5;131m▘[38;5;131;48;5;238m▄[38;5;95;48;5;233m▇[38;5;131;48;5;237m▅▅[38;5;95;48;5;233m▇[38;5;131;48;5;236m▄[38;5;95m▅[48;5;235m▄[48;5;236m▖[38;5;239;48;5;234m╺[38;5;237;48;5;250m▖[0m[38;5;254m▍          [0m
 [38;5;1m                [38;5;8m▝[7m[38;5;238m▝[0m[38;5;95m▂[38;5;237;48;5;131m▘[38;5;131;48;5;234m▇[38;5;181;48;5;131m╷[38;5;250;48;5;132m╶[38;5;138;48;5;131m╶[38;5;131;48;5;167m▃[38;5;248;48;5;132m▖[38;5;131;48;5;138m▉[38;5;7;48;5;132m┒[38;5;131;48;5;138m▊[38;5;248;48;5;95m▁[38;5;247m┍[38;5;138m▗┋[38;5;1m▃▃[38;5;52;48;5;89m▗[48;5;240m▂[38;5;95;48;5;236m━[38;5;237;48;5;95m▉[38;5;244;48;5;236m▚[0m[38;5;8m▂         [0m
 [38;5;1m                 [7m[38;5;238m▉[0m[38;5;237;48;5;131m╲[38;5;95m╶[38;5;138m╶╸[38;5;132m▏[38;5;125;48;5;138m▆[48;5;125m [48;5;89m╴   [38;5;95m┊[38;5;1;48;5;248m▇[38;5;131;48;5;89m╵[38;5;1m┈[48;5;1m  [48;5;52m▎  [38;5;234m▗[0m[38;5;234m [38;5;238m▁         [0m
 [38;5;1m                 [7m[38;5;89m▊[0m[38;5;89;48;5;95m▇[38;5;95;48;5;8m┐[38;5;131;48;5;238m╲[38;5;95;48;5;89m▁[38;5;1m▅▇[38;5;52;48;5;1m▁▂▂[48;5;52m    [48;5;1m▇▄▄▂[48;5;234m▏[38;5;234;48;5;52m┛ [38;5;52;48;5;237m╴[38;5;95;48;5;188m▍[38;5;252;48;5;95m▖[0m[38;5;52m▖        [0m
 [38;5;1m                 [7m[38;5;235m▉[0m[38;5;1;48;5;95m▉[38;5;249m┎[38;5;138;48;5;239m▎[38;5;95;48;5;138m▂[38;5;144;48;5;238m▄[48;5;235m▂[0m[7m[38;5;8m─[38;5;237m┷[38;5;8m━[0m[38;5;95;48;5;239m┈[0m[7m[38;5;236m╺━[38;5;52m▄[0m[38;5;234;48;5;52m▏   [38;5;52;48;5;234m▏[38;5;234;48;5;52m▍[38;5;52;48;5;234m▉[38;5;138;48;5;235m▋[38;5;52;48;5;252m▋[38;5;254;48;5;237m▋[0m[38;5;52m▋        [0m
 [38;5;1m                  [38;5;144;48;5;236m▃[38;5;243m▃[38;5;239;48;5;249m▇[38;5;237m▖[38;5;95;48;5;137m▅[38;5;240;48;5;144m▃[38;5;239m▃[38;5;238;48;5;187m▅[38;5;144;48;5;101m▊[38;5;235;48;5;144m▂[38;5;143;48;5;95m▅[38;5;101;48;5;235m▇[38;5;8;48;5;240m┹[48;5;241m▅[38;5;144;48;5;237m▂▖[48;5;52m [38;5;52;48;5;234m▎[48;5;233m▝[48;5;52m [38;5;234;48;5;238m▂[38;5;235;48;5;144m▋[38;5;144;48;5;236m▌[0m[38;5;234m▌        [0m
 [38;5;1m                 [7m[38;5;144m▘[0m[38;5;236;48;5;138m▝[38;5;144;48;5;101m▆[48;5;235m▇[38;5;250;48;5;240m▝[38;5;187;48;5;144m▅[38;5;8;48;5;101m╿[38;5;232m╸[38;5;238m▃[38;5;144;48;5;237m┻[38;5;137;48;5;234m▅[48;5;236m▋[38;5;235;48;5;101m▇[38;5;240;48;5;95m▏[38;5;237;48;5;242m▆[38;5;143;48;5;238m▝[38;5;8;48;5;137m▆[38;5;101;48;5;238m╲[48;5;237m▖[38;5;247;48;5;239m▗[38;5;235;48;5;233m▂[0m[7m[38;5;237m▇▆[38;5;235m▅[0m[38;5;1m         [0m
 [38;5;1m                [7m[38;5;137m▊[0m[38;5;233;48;5;137m╹[38;5;101;48;5;236m▌[38;5;181;48;5;59m▝[38;5;137;48;5;240m▘[38;5;236;48;5;101m▖[38;5;238m▚[38;5;236m━[38;5;234m┛[38;5;232;48;5;143m▂[38;5;144;48;5;234m▄[38;5;239;48;5;137m▚[38;5;232;48;5;101m▆[38;5;236;48;5;95m╸[38;5;95;48;5;238m▘[48;5;239m [38;5;244;48;5;238m▂[38;5;240m┒[38;5;239;48;5;237m▁[38;5;143;48;5;240m╲[38;5;237;48;5;239m┎[0m[38;5;101m▅[38;5;144m▅▄[38;5;101m▃         [0m
 [38;5;1m                 [7m[38;5;101m▖[0m[38;5;238;48;5;180m▋[38;5;233;48;5;137m▝[38;5;237;48;5;180m▎[38;5;180;48;5;240m━[38;5;186m▋[38;5;143;48;5;235m▝[38;5;235;48;5;143m▖[38;5;137;48;5;233m▃[38;5;236;48;5;137m▚[38;5;233;48;5;101m▄[38;5;95;48;5;234m▆[38;5;238;48;5;95m▗[48;5;239m▎[48;5;95m╱[38;5;239;48;5;243m▇[38;5;240;48;5;101m▇[38;5;242;48;5;239m╴[38;5;237;48;5;143m▍[38;5;241;48;5;236m▄[38;5;244;48;5;237m╹[38;5;101;48;5;239m▗[38;5;144;48;5;95m┙[38;5;8;48;5;235m▘[0m[38;5;8m▍        [0m
 [38;5;1m                 [7m[38;5;237m▉[0m[38;5;8;48;5;137m▖[38;5;101;48;5;237m▖[38;5;137m▉[38;5;101;48;5;235m▄[38;5;179;48;5;239m▊[38;5;232;48;5;8m▝[38;5;137;48;5;236m━[38;5;235;48;5;101m▄[38;5;232;48;5;95m▝[38;5;233m▘[38;5;238m▗[38;5;240;48;5;239m▘[38;5;238;48;5;95m╱[38;5;95;48;5;238m▘[38;5;8m▄[38;5;239m╶[38;5;237m▁[38;5;8;48;5;137m▅[38;5;137;48;5;240m┷[38;5;101;48;5;8m╴[48;5;239m┃[38;5;238;48;5;236m▏[0m[38;5;235m▊         [0m
 [38;5;1m                  [38;5;237m▝[38;5;236;48;5;239m┈[38;5;8;48;5;95m▂[38;5;95;48;5;235m▄[38;5;143m▉[38;5;238;48;5;234m▊[38;5;101;48;5;232m▃[38;5;95;48;5;233m▆[38;5;239;48;5;101m▄[38;5;238;48;5;95m▃[38;5;101m┳[38;5;239m▘[38;5;95;48;5;239m▘[38;5;238;48;5;8m▁[38;5;240;48;5;237m▗[38;5;95;48;5;8m┛[48;5;237m [38;5;236m╻[38;5;237;48;5;235m▘[38;5;236m╴[38;5;235;48;5;238m▇[48;5;234m╴[0m[38;5;235m▎         [0m
 [38;5;1m                   [38;5;236m▝[7m[38;5;237m▃[0m[38;5;237;48;5;137m▉[38;5;180;48;5;95m▉[38;5;8;48;5;238m┈[38;5;236;48;5;240m▇[48;5;238m▖[38;5;237;48;5;239m▁▃[48;5;59m▆[48;5;239m▇[48;5;95m▆[48;5;239m╸[38;5;236m▃[38;5;238;48;5;236m━[38;5;237m┈[38;5;235m▂▂[38;5;234;48;5;235m▂[48;5;234m [0m[7m[38;5;235m▁[0m[38;5;236m▏         [0m
 [38;5;1m                     [7m[38;5;234m▆[38;5;95m▅▃[0m[38;5;234;48;5;237m▁[38;5;236;48;5;234m▖[38;5;234;48;5;236m▄▄[38;5;235m▅[38;5;234m▂▄[38;5;235m▇[38;5;234;48;5;235m▃▃▅[38;5;233m▄[0m[7m[38;5;234m▂[38;5;233m▃▆[0m[38;5;1m           [0m
 [38;5;1m                         [7m[38;5;233m▇[38;5;234m▇▆[38;5;233m▆[38;5;234m▆[38;5;233m▆▆▆▆▇[0m[38;5;1m               [0m
 [38;5;1m                                                  [0m
